9999 37.8 827
9998 66.8 158
9997 22.0 1118
9996 20.3 908
9995 10.4 194
9994 11.4 696
9993 10.5 496
9992 10.8 1549
9991 10.5 859
9990 11.0 2508
9989 10.0 417
9988 10.7 961
9987 10.1 1654
9986 10.4 557
9985 10.2 1451
9984 10.7 986
9983 8.7 1142
9982 11.5 211
9981 11.5 234
9980 11.3 680
9979 67.8 225
9978 15.6 1606
9977 42.3 277
9976 16.1 508
9975 11.2 692
9974 12.3 1301
9973 11.3 1137
9972 11.9 1548
9971 11.1 691
9970 11.9 2406
9969 10.3 960
9968 11.1 651
9967 10.0 424
9966 10.9 955
9965 10.9 1445
9964 11.6 1755
9963 12.2 1427
9962 13.9 1166
9961 14.9 326
9960 12.2 254
9959 10.9 835
9958 11.7 838
9957 10.8 1619
9956 11.2 1200
9955 10.5 383
9954 11.1 940
9953 20.4 754
9952 15.7 497
9951 14.2 1990
9950 16.5 840
9949 12.1 459
9948 12.2 262
9947 10.9 855
9946 17.3 5127
9945 10.8 338
9944 10.8 452
9943 10.3 445
9942 11.1 1699
9941 13.5 250
9940 11.3 237
9939 10.2 994
9938 10.9 570
9937 10.4 171
9936 10.9 533
9935 10.9 2692
9934 11.6 990
9933 10.8 778
9932 11.0 1370
9931 10.4 215
9930 10.6 756
9929 11.3 827
9928 11.1 522
9927 12.7 440
9926 16.3 2224
9925 11.3 177
9924 11.3 449
9923 10.6 1533
9922 12.8 1443
9921 17.6 158
9920 15.1 849
9919 13.4 494
9918 16.1 285
9917 11.5 473
9916 12.4 3213
9915 10.9 1084
9914 11.5 2139
9913 95.9 586
9912 15.8 313
9911 11.2 696
9910 12.5 1563
9909 15.5 2643
9908 12.0 1106
9907 10.7 3003
9906 11.1 1337
9905 10.0 1168
9904 11.2 930
9903 12.9 537
9902 15.8 2117
9901 15.4 1338
9900 15.9 628
9899 14.7 1924
9898 14.2 243
9897 15.3 569
9896 11.6 1549
9895 10.1 211
9894 16.3 600
9893 10.2 226
9892 10.7 347
9891 10.4 1129
9890 10.7 618
9889 9.5 554
9888 10.5 1117
9887 9.6 176
9886 11.0 235
9885 10.1 286
9884 11.1 655
9883 15.4 822
9882 51.7 280
9881 5.8 832
9880 5.6 1516
9879 4.8 982
9878 5.6 424
9877 9.0 3443
9876 5.8 500
9875 4.8 746
9874 4.5 247
9873 4.9 1152
9872 8.7 1301
9871 6.5 315
9870 6.7 287
9869 7.4 170
9868 7.8 237
9867 14.5 955
9866 69.3 501
9865 17.7 2530
9864 24.8 1149
9863 5.4 1524
9862 4.5 1159
9861 4.2 156
9860 4.6 2187
9859 3.8 249
9858 4.0 187
9857 4.5 962
9856 4.1 2611
9855 3.5 410
9854 6.0 908
9853 7.6 444
9852 6.1 2699
9851 5.7 5519
9850 4.8 282
9849 4.6 1924
9848 4.9 2809
9847 5.0 3611
9846 4.2 603
9845 9.9 4847
9844 7.7 899
9843 6.9 1405
9842 34.6 1290
9841 8.1 1035
9840 8.7 272
9839 5.3 511
9838 4.8 800
9837 4.9 307
9836 6.1 1046
9835 6.8 706
9834 4.8 168
9833 4.3 579
9832 5.2 1074
9831 7.4 1492
9830 5.1 1146
9829 3.9 187
9828 3.8 632
9827 3.3 848
9826 3.5 2342
9825 2.7 151
9824 3.5 1392
9823 2.7 351
9822 3.4 1440
9821 3.4 363
9820 3.5 1370
9819 3.0 491
9818 3.1 1495
9817 3.0 1061
9816 3.4 1098
9815 3.0 1942
9814 3.7 1613
9813 3.0 1061
9812 3.1 1302
9811 3.8 4610
9810 3.1 1579
9809 2.8 660
9808 10.7 588
9807 3.2 1950
9806 3.4 1284
9805 3.1 182
9804 3.6 2361
9803 3.1 778
9802 6.0 828
9801 2.9 180
9800 3.6 2866
9799 3.1 1205
9798 3.0 404
9797 3.0 284
9796 2.6 197
9795 3.2 633
9794 3.0 392
9793 3.2 4227
9792 3.1 1025
9791 2.8 276
9790 3.9 2800
9789 3.4 795
9788 3.3 311
9787 3.6 1394
9786 3.4 2531
9785 3.2 1482
9784 3.2 167
9783 3.0 305
9782 2.9 189
9781 4.8 670
9780 3.7 1106
9779 2.8 180
9778 3.1 730
9777 3.0 1258
9776 3.1 466
9775 3.3 3802
9774 3.3 3124
9773 3.8 2609
9772 2.9 525
9771 3.3 515
9770 12.9 293
9769 3.1 1603
9768 3.1 313
9767 2.8 150
9766 3.2 322
9765 3.0 242
9764 3.3 2581
9763 3.2 762
9762 2.6 128
9761 2.8 266
9760 3.3 2029
9759 3.2 1890
9758 3.4 989
9757 3.7 2128
9756 3.3 1001
9755 3.1 808
9754 3.0 715
9753 2.5 202
9752 2.6 147
9751 2.5 251
9750 2.8 154
9749 2.8 231
9748 2.8 517
9747 5.1 1123
9746 3.3 357
9745 3.1 565
9744 112.1 3361
9743 4.7 136
9742 4.8 538
9741 3.2 91
9740 3.5 485
9739 3.0 478
9738 3.0 685
9737 39.5 3576
9736 3.5 733
9735 3.6 360
9734 3.0 663
9733 5.3 312
9732 3.4 1596
9731 4.5 901
9730 3.9 829
9729 3.6 1035
9728 3.4 836
9727 2.0 709
9726 3.2 298
9725 4.3 1855
9724 7.5 675
9723 6.5 2611
9722 3.3 359
9721 2.9 913
9720 2.9 943
9719 2.8 795
9718 3.0 354
9717 2.9 359
9716 3.3 5999
9715 2.9 333
9714 3.7 2108
9713 5.9 203
9712 3.1 422
9711 2.7 587
9710 7.0 258
9709 30.2 931
9708 2.2 1274
9707 2.1 413
9706 2.4 1513
9705 1.9 789
9704 2.1 777
9703 1.8 239
9702 2.2 788
9701 2.4 687
9700 3.6 3592
9699 2.4 1442
9698 2.5 1236
9697 2.1 300
9696 2.1 1339
9695 1.9 469
9694 2.2 672
9693 1.9 1097
9692 2.3 1290
9691 1.9 613
9690 2.1 188
9689 1.9 487
9688 2.1 204
9687 2.0 258
9686 2.1 277
9685 2.3 1541
9684 2.3 1364
9683 2.0 212
9682 1.8 158
9681 4.3 668
9680 1.9 307
9679 1.6 251
9678 2.0 1434
9677 2.1 2245
9676 2.1 162
9675 2.0 708
9674 2.1 946
9673 1.6 933
9672 2.1 753
9671 2.0 615
9670 2.0 230
9669 1.7 892
9668 1.8 1997
9667 1.6 283
9666 1.7 853
9665 1.8 781
9664 2.1 1601
9663 1.7 509
9662 2.2 837
9661 2.0 1835
9660 2.0 550
9659 2.1 1007
9658 2.4 3668
9657 2.0 663
9656 2.2 1375
9655 2.6 784
9654 3.5 304
9653 2.5 1003
9652 2.1 397
9651 2.2 1577
9650 2.1 287
9649 2.2 526
9648 2.0 1811
9647 1.9 278
9646 2.0 600
9645 2.1 739
9644 2.0 474
9643 1.9 226
9642 2.0 888
9641 2.3 396
9640 2.0 142
9639 2.0 1090
9638 2.0 434
9637 1.9 393
9636 1.7 792
9635 2.0 477
9634 2.0 318
9633 1.9 210
9632 1.9 771
9631 1.7 199
9630 2.2 1791
9629 4.6 2562
9628 2.5 670
9627 2.1 196
9626 2.3 1903
9625 1.8 1467
9624 2.0 268
9623 1.9 821
9622 2.1 533
9621 1.9 836
9620 2.1 487
9619 1.9 2333
9618 4.2 1008
9617 2.2 819
9616 2.1 596
9615 2.0 1707
9614 2.1 150
9613 2.1 881
9612 1.9 362
9611 1.8 1945
9610 1.8 195
9609 1.7 159
9608 2.1 449
9607 3.3 187
9606 2.4 233
9605 2.1 1949
9604 2.2 3656
9603 1.8 619
9602 2.0 413
9601 2.0 1910
9600 2.0 285
9599 1.6 625
9598 2.2 1029
9597 2.1 498
9596 2.2 1990
9595 2.0 472
9594 1.5 75
9593 2.0 1437
9592 2.0 766
9591 1.8 289
9590 1.9 257
9589 1.8 595
9588 2.0 2200
9587 1.8 160
9586 2.6 5115
9585 2.1 1341
9584 2.0 152
9583 1.9 206
9582 2.1 426
9581 1.8 208
9580 2.6 5083
9579 3.6 2528
9578 2.1 977
9577 2.0 1393
9576 2.1 2540
9575 2.1 1692
9574 2.3 1558
9573 1.8 364
9572 1.9 310
9571 1.9 372
9570 2.1 278
9569 2.0 438
9568 2.6 3198
9567 1.8 187
9566 2.1 331
9565 2.1 760
9564 2.1 540
9563 1.7 343
9562 2.0 945
9561 2.0 1705
9560 1.8 1886
9559 2.0 2035
9558 1.9 241
9557 2.0 1812
9556 2.1 259
9555 1.5 278
9554 2.0 316
9553 3.8 251
9552 2.9 1817
9551 3.1 1154
9550 2.2 173
9549 2.0 264
9548 2.1 1427
9547 1.9 1328
9546 2.0 1024
9545 2.1 828
9544 3.3 568
9543 2.1 293
9542 2.0 457
9541 1.8 1167
9540 1.9 485
9539 1.5 122
9538 1.8 2485
9537 1.4 456
9536 1.6 152
9535 1.7 840
9534 2.2 636
9533 1.9 516
9532 1.9 350
9531 1.8 568
9530 5.9 500
9529 1.9 1354
9528 1.8 258
9527 1.7 315
9526 2.0 374
9525 1.7 187
9524 1.8 235
9523 1.8 166
9522 2.0 1323
9521 1.9 2252
9520 1.7 773
9519 2.1 2173
9518 1.9 175
9517 2.3 2016
9516 2.2 1389
9515 1.8 288
9514 4.2 215
9513 1.7 836
9512 2.2 1763
9511 1.8 130
9510 2.2 1476
9509 2.1 2367
9508 2.0 636
9507 2.1 1298
9506 2.0 498
9505 2.1 3001
9504 1.9 471
9503 1.5 513
9502 2.2 405
9501 1.8 762
9500 1.9 141
9499 1.8 268
9498 2.0 638
9497 1.8 616
9496 2.2 1872
9495 1.8 1014
9494 1.9 1461
9493 1.6 980
9492 1.8 385
9491 1.6 735
9490 1.7 1162
9489 1.7 838
9488 2.0 752
9487 1.6 323
9486 2.1 1275
9485 1.8 2030
9484 1.8 495
9483 1.6 932
9482 9.6 276
9481 1.9 1435
9480 1.8 544
9479 1.6 1446
9478 1.8 902
9477 1.6 1732
9476 1.8 373
9475 1.8 3644
9474 1.5 150
9473 1.8 235
9472 1.8 122
9471 1.4 170
9470 2.1 183
9469 2.1 3213
9468 2.3 2014
9467 2.2 485
9466 2.2 770
9465 2.0 258
9464 2.2 1709
9463 1.9 911
9462 2.1 436
9461 2.1 1170
9460 2.2 2723
9459 2.0 261
9458 2.1 734
9457 1.9 569
9456 1.9 1859
9455 2.2 1570
9454 2.2 1923
9453 1.8 708
9452 2.1 416
9451 1.8 164
9450 2.0 1139
9449 1.6 380
9448 1.8 201
9447 1.6 448
9446 1.9 850
9445 2.0 765
9444 2.0 2222
9443 1.8 1295
9442 2.1 277
9441 1.7 1576
9440 1.7 989
9439 1.6 193
9438 1.9 645
9437 1.9 658
9436 1.8 402
9435 2.2 2027
9434 2.1 1877
9433 1.9 138
9432 1.8 921
9431 1.6 2521
9430 1.9 2134
9429 1.9 2881
9428 1.7 363
9427 1.8 470
9426 1.9 1916
9425 4.4 370
9424 1.8 515
9423 1.8 508
9422 2.2 2149
9421 1.9 227
9420 4.1 248
9419 3.4 1916
9418 2.0 1417
9417 1.8 1289
9416 1.6 1134
9415 1.6 678
9414 1.8 923
9413 1.9 645
9412 1.9 417
9411 1.8 2325
9410 2.1 308
9409 2.3 1980
9408 2.5 225
9407 2.2 387
9406 2.7 213
9405 2.7 349
9404 3.0 324
9403 3.5 1025
9402 2.8 550
9401 2.5 181
9400 2.7 1878
9399 2.2 583
9398 3.0 1287
9397 2.8 131
9396 3.6 1722
9395 2.2 246
9394 3.8 421
9393 2.1 468
9392 2.1 165
9391 1.8 379
9390 2.0 194
9389 2.0 1626
9388 2.0 1227
9387 1.7 194
9386 2.1 800
9385 1.6 203
9384 2.0 1278
9383 1.8 477
9382 2.1 1101
9381 1.9 347
9380 2.0 550
9379 1.9 1013
9378 1.9 748
9377 1.9 1066
9376 1.7 1332
9375 1.8 592
9374 2.3 2193
9373 2.2 765
9372 2.1 847
9371 2.0 1529
9370 2.1 1364
9369 1.9 129
9368 2.2 514
9367 1.9 799
9366 2.1 1661
9365 1.9 887
9364 1.9 1407
9363 1.8 673
9362 2.1 871
9361 1.8 228
9360 1.9 211
9359 1.8 723
9358 2.0 917
9357 2.0 235
9356 2.2 1577
9355 1.8 405
9354 2.0 1171
9353 1.8 814
9352 1.7 750
9351 1.6 186
9350 1.8 187
9349 1.8 2762
9348 2.0 1162
9347 1.9 828
9346 2.2 891
9345 2.0 2801
9344 1.4 61
9343 1.6 288
9342 2.2 751
9341 2.1 988
9340 2.3 324
9339 1.8 177
9338 2.0 477
9337 1.9 1492
9336 2.3 2404
9335 1.6 436
9334 1.8 400
9333 1.6 1090
9332 1.9 1317
9331 1.9 265
9330 2.0 787
9329 1.9 321
9328 1.9 194
9327 2.0 1429
9326 2.1 1145
9325 1.8 357
9324 1.7 860
9323 1.6 971
9322 2.0 1963
9321 1.8 355
9320 2.0 228
9319 1.6 719
9318 2.3 1737
9317 1.8 353
9316 1.8 435
9315 1.5 539
9314 1.7 162
9313 1.6 512
9312 1.9 1299
9311 1.6 122
9310 2.0 695
9309 1.7 414
9308 1.9 384
9307 1.7 181
9306 1.7 267
9305 1.7 854
9304 2.0 193
9303 1.6 317
9302 2.2 628
9301 2.2 2235
9300 1.9 897
9299 1.6 265
9298 2.0 208
9297 2.0 667
9296 1.8 91
9295 1.6 766
9294 2.1 519
9293 2.1 738
9292 1.9 877
9291 1.9 187
9290 1.8 842
9289 1.6 217
9288 1.9 1110
9287 1.6 591
9286 1.8 698
9285 2.0 745
9284 2.0 1652
9283 1.8 261
9282 1.7 167
9281 2.0 2668
9280 2.1 979
9279 1.9 3571
9278 2.1 170
9277 2.0 973
9276 2.2 1411
9275 1.7 258
9274 2.1 1564
9273 2.0 755
9272 1.8 379
9271 1.7 783
9270 2.0 349
9269 2.1 1789
9268 1.9 337
9267 1.8 129
9266 1.8 236
9265 1.7 378
9264 1.7 603
9263 1.8 325
9262 2.3 602
9261 2.3 4396
9260 2.2 461
9259 1.9 365
9258 4.4 877
9257 2.1 1785
9256 2.1 731
9255 1.7 141
9254 2.0 452
9253 1.8 245
9252 1.7 524
9251 2.1 2836
9250 2.0 1401
9249 1.7 1891
9248 1.8 557
9247 1.7 491
9246 2.1 1386
9245 1.8 148
9244 2.0 1090
9243 2.1 941
9242 2.0 623
9241 2.0 989
9240 1.6 282
9239 1.4 1214
9238 1.9 895
9237 1.8 1174
9236 2.0 2586
9235 1.7 452
9234 1.7 220
9233 1.6 715
9232 1.7 436
9231 1.6 549
9230 1.7 366
9229 1.5 285
9228 1.7 143
9227 1.8 866
9226 2.0 2817
9225 1.9 2901
9224 1.9 1026
9223 1.7 108
9222 1.8 1529
9221 1.9 705
9220 1.7 179
9219 1.5 421
9218 1.8 770
9217 1.4 219
9216 1.8 1872
9215 1.4 339
9214 2.4 448
9213 1.3 74
9212 2.5 1606
9211 2.4 904
9210 2.6 5824
9209 2.2 259
9208 62.2 190
9207 4.0 1685
9206 2.9 745
9205 3.0 1522
9204 2.3 1670
9203 2.3 185
9202 2.5 663
9201 2.0 173
9200 2.1 311
9199 2.2 2833
9198 2.3 1779
9197 2.0 827
9196 2.1 1315
9195 2.2 1136
9194 2.3 151
9193 1.8 189
9192 2.3 587
9191 2.2 275
9190 2.1 566
9189 2.1 1242
9188 1.9 310
9187 2.1 1802
9186 1.7 216
9185 1.8 1610
9184 2.2 634
9183 1.8 438
9182 2.3 2532
9181 2.2 1488
9180 2.1 678
9179 2.2 440
9178 2.3 186
9177 2.1 620
9176 2.5 2626
9175 1.9 192
9174 2.1 987
9173 2.4 2606
9172 2.1 2304
9171 2.3 1140
9170 2.4 1661
9169 4.7 2129
9168 1.5 64
9167 1.9 165
9166 2.3 653
9165 2.0 1015
9164 2.1 881
9163 1.9 445
9162 2.1 567
9161 2.0 2726
9160 2.1 403
9159 1.9 799
9158 1.9 267
9157 2.2 2267
9156 1.9 926
9155 1.7 640
9154 1.8 381
9153 2.0 1841
9152 2.0 260
9151 1.8 1377
9150 2.2 909
9149 2.0 1133
9148 1.9 252
9147 1.9 349
9146 1.9 207
9145 2.0 1535
9144 2.0 851
9143 7.9 412
9142 2.0 978
9141 1.8 595
9140 1.9 1002
9139 1.7 734
9138 2.2 3244
9137 2.1 2371
9136 1.9 274
9135 1.7 146
9134 2.0 1355
9133 1.8 539
9132 2.0 2893
9131 1.7 871
9130 1.6 1040
9129 1.6 2170
9128 2.0 1019
9127 1.7 836
9126 2.2 497
9125 2.5 3450
9124 2.4 4056
9123 2.0 509
9122 1.9 594
9121 1.7 329
9120 1.9 681
9119 1.8 507
9118 2.1 2097
9117 1.9 1990
9116 2.3 2229
9115 2.1 721
9114 2.3 3343
9113 2.2 1162
9112 2.1 1163
9111 2.8 3437
9110 3.7 305
9109 2.4 2636
9108 2.1 2980
9107 1.7 165
9106 1.9 1864
9105 1.7 1528
9104 1.8 367
9103 1.5 870
9102 1.9 2035
9101 1.8 585
9100 1.6 1021
9099 1.5 339
9098 1.6 277
9097 1.6 946
9096 2.0 2162
9095 1.6 436
9094 1.6 138
9093 2.0 6731
9092 2.1 320
9091 1.7 240
9090 1.8 783
9089 1.7 1445
9088 1.9 996
9087 1.9 1903
9086 1.9 227
9085 1.8 670
9084 2.3 3957
9083 1.9 399
9082 2.2 942
9081 1.8 471
9080 2.0 499
9079 2.1 1165
9078 2.3 2905
9077 2.1 1787
9076 1.9 432
9075 1.5 491
9074 2.2 2574
9073 1.7 521
9072 2.1 3072
9071 1.9 1485
9070 2.0 1668
9069 2.0 3259
9068 2.1 1531
9067 1.9 1585
9066 2.4 3110
9065 2.0 1746
9064 2.1 794
9063 1.6 213
9062 2.1 885
9061 2.2 1258
9060 2.4 1788
9059 1.9 1136
9058 1.9 1601
9057 2.1 1102
9056 1.9 332
9055 1.8 1379
9054 1.8 304
9053 1.8 1823
9052 1.7 323
9051 1.8 940
9050 1.9 904
9049 2.1 1983
9048 2.1 184
9047 2.0 1428
9046 2.0 3671
9045 2.3 2149
9044 1.8 804
9043 1.8 161
9042 1.8 1969
9041 1.8 396
9040 1.9 1189
9039 2.0 2482
9038 2.0 1179
9037 1.9 203
9036 1.9 244
9035 2.2 661
9034 2.1 485
9033 2.0 359
9032 2.3 3152
9031 2.1 929
9030 2.1 613
9029 2.0 835
9028 2.1 224
9027 1.8 201
9026 2.0 669
9025 2.1 726
9024 2.0 405
9023 1.8 588
9022 2.1 664
9021 2.0 689
9020 2.2 821
9019 1.9 1865
9018 1.7 144
9017 1.9 458
9016 1.9 804
9015 1.9 1738
9014 1.9 334
9013 2.2 2459
9012 2.2 965
9011 1.9 898
9010 2.1 759
9009 1.8 692
9008 1.8 554
9007 1.9 764
9006 2.1 1216
9005 2.4 3029
9004 1.9 180
9003 1.9 209
9002 4.8 1482
9001 2.1 465
9000 1.9 1618
