324.3 810
115.0 960
28.3 1039
12.1 752
25.1 1161
129.4 1989
14.7 552
13.8 784
17.5 1149
15.2 1020
10.7 656
8.2 549
26.8 111
3.0 51
9.8 303
5.8 161
169.5 3439
18.8 746
199.1 5245
5.6 227
2.5 78
16.8 1011
3.0 104
8.1 459
17.1 1104
10.2 680
49.5 2880
29.3 1161
41.2 1619
22.9 883
42.0 1789
15.0 470
7.7 298
23.3 829
12.7 454
2.2 57
15.5 976
4.1 220
12.5 837
12.2 829
21.5 1437
26.6 1833
85.6 4176
28.2 1346
61.8 2957
26.4 1267
6.4 289
12.0 828
7.8 438
14.9 1026
4.2 223
37.2 2420
34.9 2265
2.4 17
11.1 746
13.8 922
10.1 656
8.4 572
7.9 456
4.2 213
34.1 2375
8.6 447
7.7 510
11.3 702
18.6 787
14.4 973
85.3 4261
20.3 840
45.3 1976
17.5 765
23.0 1027
43.5 1989
15.9 579
14.8 591
27.0 1171
5.8 202
42.0 1764
10.0 327
43.3 1814
14.3 502
15.1 631
2.0 43
1.6 43
23.8 1492
22.2 1529
3.6 160
6.9 441
1.7 37
10.1 652
10.3 492
7.2 232
25.3 1189
86.1 3482
14.1 784
49.1 3209
9.6 502
2.6 101
6.4 392
4.5 191
41.0 2539
