9999 4.0 12
9998 1.2 7
9997 1.1 9
9996 0.9 7
9995 0.9 9
9994 0.9 7
9993 0.8 7
9992 0.8 7
9991 1.1 9
9990 1.0 8
9989 0.9 8
9988 0.7 6
9987 0.9 8
9986 0.8 6
9985 0.7 7
9984 0.8 4
9983 1.4 16
9982 1.2 13
9981 1.1 15
9980 1.1 14
9979 2.6 12
9978 1.2 11
9977 1.4 11
9976 1.2 10
9975 1.2 13
9974 1.0 11
9973 1.0 12
9972 1.1 12
9971 1.1 13
9970 1.0 8
9969 1.0 9
9968 0.8 8
9967 1.1 13
9966 1.1 12
9965 1.2 13
9964 1.1 11
9963 1.6 12
9962 1.3 11
9961 1.2 12
9960 1.0 8
9959 1.1 13
9958 1.0 11
9957 1.0 10
9956 0.8 7
9955 0.9 10
9954 0.8 9
9953 1.7 10
9952 1.1 7
9951 1.7 14
9950 1.3 11
9949 1.2 12
9948 1.1 10
9947 1.2 12
9946 1.2 12
9945 1.0 10
9944 1.0 7
9943 1.1 13
9942 1.0 12
9941 1.0 10
9940 0.9 8
9939 1.0 11
9938 0.9 8
9937 0.9 8
9936 3.0 7
9935 1.2 13
9934 1.0 11
9933 1.0 12
9932 0.9 10
9931 1.0 11
9930 0.8 10
9929 0.9 11
9928 0.9 8
9927 1.9 10
9926 1.2 9
9925 1.0 8
9924 0.8 7
9923 4.0 8
9922 1.1 8
9921 1.1 6
9920 1.0 5
9919 1.6 12
9918 1.3 10
9917 1.2 12
9916 1.1 11
9915 1.0 12
9914 1.1 11
9913 2.2 11
9912 1.1 9
9911 1.3 13
9910 1.0 11
9909 1.0 12
9908 1.0 9
9907 1.0 10
9906 1.0 9
9905 0.9 10
9904 0.9 6
9903 1.3 12
9902 1.4 11
9901 1.3 12
9900 1.4 10
9899 1.4 11
9898 1.3 9
9897 1.2 9
9896 0.9 9
9895 1.1 10
9894 1.0 10
9893 0.9 8
9892 0.8 7
9891 0.8 7
9890 0.6 6
9889 0.9 7
9888 0.8 6
9887 1.0 12
9886 0.9 10
9885 0.9 11
9884 0.9 9
9883 1.0 13
9882 0.8 9
9881 0.7 9
9880 0.6 8
9879 0.8 10
9878 0.7 7
9877 0.9 7
9876 0.7 7
9875 0.7 10
9874 0.6 7
9873 0.6 7
9872 34.5 6
9871 1.2 11
9870 1.1 10
9869 1.3 9
9868 0.8 6
9867 1.2 9
9866 1.1 8
9865 0.7 8
9864 0.4 7
9863 0.3 10
9862 0.3 7
9861 0.2 7
9860 0.2 5
9859 0.2 7
9858 0.2 5
9857 0.2 6
9856 0.2 5
9855 0.3 12
9854 0.3 11
9853 0.5 10
9852 0.3 8
9851 0.3 12
9850 0.2 10
9849 0.3 10
9848 0.3 8
9847 0.3 12
9846 0.3 11
9845 0.4 9
9844 0.4 8
9843 0.5 10
9842 0.4 10
9841 0.4 9
9840 0.3 8
9839 0.4 10
9838 0.3 10
9837 0.4 10
9836 0.3 10
9835 0.4 10
9834 0.4 8
9833 0.3 9
9832 0.3 7
9831 0.4 10
9830 0.3 11
9829 0.2 9
9828 0.2 7
9827 0.2 10
9826 0.2 9
9825 0.2 6
9824 0.2 5
9823 0.3 14
9822 0.3 12
9821 0.2 10
9820 0.3 9
9819 0.3 11
9818 0.2 10
9817 0.3 9
9816 0.2 8
9815 0.3 11
9814 0.2 10
9813 0.3 9
9812 0.3 7
9811 0.3 8
9810 0.3 7
9809 0.2 8
9808 0.2 6
9807 0.4 12
9806 0.3 10
9805 0.3 9
9804 0.3 8
9803 0.3 9
9802 0.2 9
9801 0.3 6
9800 0.2 6
9799 0.3 9
9798 0.2 8
9797 0.2 8
9796 0.1 6
9795 0.3 6
9794 0.2 6
9793 0.2 6
9792 0.2 4
9791 0.4 9
9790 0.2 8
9789 0.2 9
9788 0.2 8
9787 0.3 9
9786 0.3 8
9785 0.3 10
9784 0.2 7
9783 0.3 10
9782 0.3 9
9781 0.2 11
9780 0.2 8
9779 0.3 10
9778 0.3 6
9777 0.2 7
9776 0.2 6
9775 0.2 12
9774 0.3 10
9773 0.2 11
9772 0.3 8
9771 0.2 10
9770 0.2 8
9769 0.2 8
9768 0.2 5
9767 0.3 9
9766 0.2 8
9765 0.1 8
9764 0.2 7
9763 0.2 8
9762 0.2 6
9761 0.2 6
9760 0.2 4
9759 0.3 9
9758 0.3 8
9757 0.3 8
9756 0.2 7
9755 0.3 11
9754 0.2 9
9753 0.2 8
9752 0.2 6
9751 0.3 9
9750 0.2 7
9749 0.2 8
9748 0.3 5
9747 0.2 9
9746 0.1 6
9745 0.2 6
9744 0.3 5
9743 0.3 8
9742 0.3 7
9741 0.3 8
9740 0.3 6
9739 0.2 7
9738 0.2 6
9737 0.4 6
9736 0.2 4
9735 0.3 7
9734 0.1 6
9733 0.2 6
9732 0.4 5
9731 0.2 6
9730 0.2 5
9729 0.2 5
9728 0.3 2
9727 0.4 17
9726 0.3 13
9725 0.3 14
9724 0.6 13
9723 0.5 16
9722 0.4 11
9721 0.3 12
9720 0.3 11
9719 0.3 13
9718 0.3 13
9717 0.3 14
9716 0.3 10
9715 0.3 13
9714 0.4 11
9713 0.4 10
9712 0.3 7
9711 0.3 12
9710 0.3 12
9709 0.4 12
9708 0.2 10
9707 0.3 12
9706 0.2 12
9705 0.4 11
9704 0.2 10
9703 0.3 10
9702 0.3 9
9701 0.3 10
9700 0.4 9
9699 0.3 13
9698 0.3 10
9697 0.3 9
9696 0.3 5
9695 0.3 11
9694 0.2 10
9693 0.3 12
9692 0.3 8
9691 0.3 11
9690 0.2 8
9689 0.3 9
9688 0.3 8
9687 0.3 12
9686 0.3 11
9685 0.2 12
9684 0.2 8
9683 0.3 10
9682 0.3 7
9681 0.2 8
9680 0.2 7
9679 0.3 12
9678 0.3 11
9677 0.3 11
9676 0.2 8
9675 0.2 10
9674 0.3 10
9673 0.2 8
9672 0.2 8
9671 0.4 11
9670 0.3 9
9669 0.2 10
9668 0.2 8
9667 0.3 10
9666 0.3 9
9665 0.2 7
9664 0.2 7
9663 0.3 13
9662 0.3 10
9661 0.3 12
9660 0.3 12
9659 0.4 14
9658 0.3 14
9657 0.2 13
9656 0.3 12
9655 0.8 13
9654 0.3 9
9653 0.4 10
9652 0.3 9
9651 0.3 11
9650 0.2 7
9649 0.2 8
9648 0.3 7
9647 0.4 13
9646 0.3 10
9645 0.4 10
9644 0.2 8
9643 0.4 9
9642 0.2 8
9641 0.3 9
9640 0.2 5
9639 0.4 9
9638 0.3 8
9637 0.2 8
9636 0.2 7
9635 0.3 9
9634 0.2 7
9633 0.3 6
9632 0.2 5
9631 0.3 9
9630 0.3 10
9629 0.5 11
9628 0.4 8
9627 0.3 9
9626 0.3 8
9625 0.3 9
9624 0.2 8
9623 0.3 11
9622 0.3 8
9621 0.3 11
9620 0.2 8
9619 0.3 9
9618 0.4 7
9617 0.3 7
9616 0.2 6
9615 0.3 10
9614 0.3 6
9613 0.2 7
9612 0.2 6
9611 0.2 8
9610 0.2 7
9609 0.2 7
9608 0.2 6
9607 0.4 8
9606 0.2 7
9605 0.3 7
9604 0.2 5
9603 0.2 7
9602 0.2 6
9601 0.2 6
9600 0.2 4
9599 0.3 15
9598 0.3 13
9597 0.3 12
9596 0.3 11
9595 0.3 13
9594 0.3 11
9593 0.3 12
9592 0.3 7
9591 0.2 11
9590 0.3 11
9589 0.3 12
9588 0.2 11
9587 0.3 7
9586 0.3 6
9585 0.2 7
9584 0.3 5
9583 0.2 8
9582 0.2 7
9581 0.3 8
9580 0.2 7
9579 0.3 9
9578 0.2 6
9577 0.2 7
9576 0.2 6
9575 0.2 11
9574 0.3 9
9573 0.3 9
9572 0.2 7
9571 0.3 9
9570 0.2 8
9569 0.3 9
9568 0.2 5
9567 0.3 11
9566 0.3 10
9565 0.3 10
9564 0.3 10
9563 0.3 11
9562 0.2 10
9561 0.2 10
9560 0.3 8
9559 0.2 11
9558 0.3 9
9557 0.3 11
9556 0.2 8
9555 0.2 10
9554 0.3 7
9553 0.4 7
9552 0.3 6
9551 0.5 11
9550 0.3 8
9549 0.3 10
9548 0.3 7
9547 0.3 7
9546 0.2 6
9545 0.3 7
9544 0.4 6
9543 0.3 9
9542 0.3 7
9541 0.3 9
9540 0.3 7
9539 0.2 7
9538 0.2 5
9537 0.2 6
9536 0.2 3
9535 0.3 11
9534 0.3 10
9533 0.3 10
9532 0.3 7
9531 0.4 10
9530 0.3 10
9529 0.2 10
9528 0.3 7
9527 0.3 12
9526 0.2 10
9525 0.2 10
9524 0.2 8
9523 0.2 10
9522 0.2 8
9521 0.2 9
9520 0.3 5
9519 0.3 9
9518 0.3 8
9517 0.3 9
9516 0.2 9
9515 0.2 10
9514 0.2 8
9513 0.3 7
9512 0.3 7
9511 0.3 7
9510 0.2 6
9509 0.3 8
9508 0.3 7
9507 0.2 8
9506 0.2 7
9505 0.3 7
9504 0.2 5
9503 0.2 12
9502 0.3 10
9501 0.2 9
9500 0.3 5
9499 0.3 7
9498 0.2 7
9497 0.2 8
9496 0.2 5
9495 0.3 9
9494 0.3 8
9493 0.2 7
9492 0.2 7
9491 0.3 8
9490 0.2 7
9489 0.2 5
9488 0.2 4
9487 0.4 8
9486 0.2 6
9485 0.3 9
9484 0.2 6
9483 0.2 9
9482 0.2 6
9481 0.2 7
9480 0.2 5
9479 0.2 9
9478 0.1 7
9477 0.2 6
9476 0.2 4
9475 0.2 7
9474 0.2 4
9473 0.2 4
9472 0.2 2
9471 0.4 13
9470 0.3 11
9469 0.2 11
9468 0.3 10
9467 0.3 9
9466 0.3 9
9465 0.3 9
9464 0.3 8
9463 0.3 14
9462 0.3 11
9461 0.3 12
9460 0.3 9
9459 0.2 11
9458 0.2 8
9457 0.3 8
9456 0.2 7
9455 0.3 9
9454 0.3 8
9453 0.2 9
9452 0.3 8
9451 0.3 10
9450 0.2 9
9449 0.2 8
9448 0.3 6
9447 0.3 11
9446 0.3 10
9445 0.2 10
9444 0.3 9
9443 0.3 9
9442 0.2 8
9441 0.2 7
9440 0.2 6
9439 0.4 11
9438 0.3 11
9437 0.3 11
9436 0.2 9
9435 0.3 11
9434 0.2 10
9433 0.2 9
9432 0.3 6
9431 0.3 11
9430 0.3 9
9429 0.3 10
9428 0.2 9
9427 0.2 11
9426 0.2 10
9425 0.2 8
9424 0.2 7
9423 0.3 11
9422 0.3 11
9421 0.3 9
9420 0.5 7
9419 0.4 10
9418 0.2 8
9417 0.2 8
9416 0.2 6
9415 0.2 10
9414 0.2 9
9413 0.3 7
9412 0.2 5
9411 0.1 8
9410 0.3 7
9409 0.4 7
9408 0.3 4
9407 0.4 12
9406 0.3 10
9405 0.4 10
9404 0.4 9
9403 0.5 12
9402 0.4 8
9401 0.4 9
9400 0.4 7
9399 0.5 12
9398 0.2 10
9397 0.3 10
9396 0.4 10
9395 0.4 9
9394 0.4 9
9393 0.2 9
9392 0.3 6
9391 0.3 11
9390 0.3 9
9389 0.3 8
9388 0.2 7
9387 0.3 8
9386 0.3 7
9385 0.3 8
9384 0.2 7
9383 0.3 10
9382 0.2 7
9381 0.3 8
9380 0.2 7
9379 0.2 8
9378 0.2 7
9377 0.1 7
9376 0.2 5
9375 0.2 12
9374 0.3 10
9373 0.3 8
9372 0.2 7
9371 0.3 10
9370 0.2 8
9369 0.2 8
9368 0.2 6
9367 0.2 9
9366 0.2 9
9365 0.2 7
9364 0.2 6
9363 0.2 9
9362 0.2 6
9361 0.2 6
9360 0.2 4
9359 0.2 9
9358 2.6 9
9357 0.2 8
9356 0.2 7
9355 0.2 7
9354 0.2 7
9353 0.2 7
9352 0.2 5
9351 0.2 7
9350 0.2 6
9349 0.2 7
9348 0.2 6
9347 0.3 6
9346 0.2 5
9345 0.2 4
9344 0.2 3
9343 0.3 12
9342 0.2 10
9341 0.3 10
9340 0.2 8
9339 0.2 10
9338 0.2 9
9337 0.2 10
9336 0.3 10
9335 0.3 12
9334 0.3 10
9333 0.2 10
9332 0.2 8
9331 0.3 8
9330 0.2 7
9329 0.2 8
9328 0.3 5
9327 0.3 11
9326 0.4 10
9325 0.2 10
9324 0.2 8
9323 0.2 9
9322 0.2 7
9321 0.2 8
9320 0.2 7
9319 0.3 10
9318 0.3 9
9317 0.3 8
9316 0.2 7
9315 0.2 9
9314 0.2 5
9313 0.3 6
9312 0.2 4
9311 0.3 8
9310 0.3 7
9309 0.3 7
9308 0.1 6
9307 0.3 10
9306 0.2 8
9305 0.3 7
9304 0.2 7
9303 0.3 9
9302 0.2 7
9301 0.2 9
9300 0.2 7
9299 0.2 8
9298 0.2 7
9297 0.2 7
9296 0.2 6
9295 0.2 10
9294 0.3 8
9293 0.2 9
9292 0.2 7
9291 0.2 8
9290 0.2 7
9289 0.2 7
9288 0.2 5
9287 0.2 8
9286 0.2 7
9285 0.2 7
9284 0.2 4
9283 0.2 6
9282 0.2 4
9281 0.3 5
9280 0.2 3
9279 0.3 11
9278 0.2 10
9277 0.3 10
9276 0.2 9
9275 0.3 11
9274 0.3 7
9273 0.3 7
9272 0.2 6
9271 0.2 8
9270 0.2 8
9269 0.2 9
9268 0.1 7
9267 0.2 6
9266 0.2 5
9265 0.2 6
9264 0.2 4
9263 0.3 10
9262 0.3 8
9261 0.2 8
9260 0.1 7
9259 0.2 9
9258 0.2 6
9257 0.2 7
9256 0.2 5
9255 0.2 8
9254 0.1 7
9253 0.2 7
9252 0.2 5
9251 0.2 6
9250 0.2 5
9249 0.2 5
9248 0.2 3
9247 0.3 9
9246 0.2 9
9245 0.2 9
9244 0.2 6
9243 0.2 9
9242 0.2 6
9241 0.2 7
9240 0.1 5
9239 0.3 8
9238 0.1 7
9237 0.2 6
9236 0.2 5
9235 0.2 7
9234 0.1 5
9233 0.1 5
9232 0.2 3
9231 0.2 8
9230 0.2 7
9229 0.2 5
9228 0.3 4
9227 0.2 7
9226 0.1 5
9225 0.3 4
9224 0.2 3
9223 0.2 5
9222 0.2 4
9221 0.1 5
9220 0.1 3
9219 0.1 5
9218 0.2 3
9217 0.1 3
9216 0.2 1
9215 0.4 12
9214 0.4 14
9213 0.4 15
9212 0.3 13
9211 0.4 17
9210 0.3 10
9209 0.3 11
9208 0.4 9
9207 0.5 13
9206 0.2 12
9205 0.3 11
9204 0.3 10
9203 0.3 12
9202 0.2 11
9201 0.3 9
9200 0.3 7
9199 0.4 12
9198 0.3 11
9197 0.3 12
9196 0.3 10
9195 0.3 11
9194 0.3 9
9193 0.3 9
9192 0.2 8
9191 0.3 13
9190 0.3 11
9189 0.3 13
9188 0.3 10
9187 0.2 12
9186 0.2 8
9185 0.3 9
9184 0.2 7
9183 0.4 14
9182 0.3 11
9181 0.3 13
9180 0.3 11
9179 0.2 11
9178 0.3 8
9177 0.2 10
9176 0.2 10
9175 0.4 10
9174 0.3 10
9173 0.3 10
9172 0.2 10
9171 0.3 11
9170 0.3 8
9169 0.3 9
9168 0.2 7
9167 0.3 12
9166 0.2 11
9165 0.3 11
9164 0.3 10
9163 0.3 12
9162 0.2 10
9161 0.3 9
9160 0.2 7
9159 0.3 11
9158 0.3 9
9157 0.2 10
9156 0.2 9
9155 0.3 9
9154 0.2 8
9153 0.2 9
9152 0.2 6
9151 0.3 12
9150 0.3 10
9149 0.3 11
9148 0.3 10
9147 0.3 13
9146 0.3 11
9145 0.3 12
9144 0.3 8
9143 0.3 13
9142 0.3 10
9141 0.3 11
9140 0.2 9
9139 0.3 12
9138 0.2 11
9137 0.3 10
9136 0.3 7
9135 0.4 10
9134 0.2 9
9133 0.3 10
9132 0.3 9
9131 0.3 12
9130 0.3 7
9129 0.3 8
9128 0.2 7
9127 0.3 10
9126 0.2 8
9125 0.3 8
9124 0.2 8
9123 0.3 10
9122 0.2 8
9121 0.2 8
9120 0.2 6
9119 0.3 14
9118 0.3 13
9117 0.3 9
9116 0.3 9
9115 0.3 8
9114 0.2 8
9113 0.3 10
9112 0.2 7
9111 0.3 10
9110 0.4 9
9109 0.2 9
9108 0.2 7
9107 0.3 7
9106 0.3 7
9105 0.2 9
9104 0.2 6
9103 0.2 11
9102 0.3 9
9101 0.2 10
9100 0.3 6
9099 0.2 10
9098 0.2 8
9097 0.2 9
9096 0.2 5
9095 0.2 9
9094 0.2 7
9093 0.3 8
9092 0.2 6
9091 0.2 6
9090 0.2 6
9089 0.2 6
9088 0.2 5
9087 0.3 13
9086 0.3 12
9085 0.3 12
9084 0.3 10
9083 0.3 11
9082 0.3 12
9081 0.3 9
9080 0.3 8
9079 0.3 11
9078 0.2 10
9077 0.3 10
9076 0.3 8
9075 0.3 11
9074 0.3 8
9073 0.2 9
9072 0.3 8
9071 0.3 11
9070 0.3 12
9069 0.3 13
9068 0.2 10
9067 0.3 13
9066 0.3 11
9065 0.2 9
9064 0.2 9
9063 0.3 11
9062 0.2 9
9061 0.3 9
9060 0.2 7
9059 0.3 10
9058 0.2 8
9057 0.2 8
9056 0.2 6
9055 0.3 14
9054 0.2 9
9053 0.3 9
9052 0.3 8
9051 0.3 12
9050 0.3 9
9049 0.3 10
9048 0.2 6
9047 0.3 12
9046 0.3 9
9045 0.2 12
9044 0.2 9
9043 0.2 9
9042 0.2 8
9041 0.2 8
9040 0.2 6
9039 0.2 13
9038 0.2 12
9037 0.3 9
9036 0.2 6
9035 0.3 9
9034 0.3 6
9033 0.3 7
9032 0.2 6
9031 0.2 10
9030 0.3 9
9029 0.2 8
9028 0.2 6
9027 0.2 8
9026 0.3 7
9025 0.3 7
9024 0.3 4
9023 0.4 11
9022 0.3 9
9021 0.3 10
9020 0.3 9
9019 0.3 9
9018 0.3 9
9017 0.2 9
9016 0.2 9
9015 0.3 13
9014 0.2 8
9013 0.2 10
9012 0.2 9
9011 0.3 11
9010 0.2 7
9009 0.2 9
9008 0.2 6
9007 0.3 10
9006 0.2 8
9005 0.3 9
9004 0.2 7
9003 0.2 9
9002 0.3 9
9001 0.3 8
9000 0.2 7
